12.750000 
10.180000 
7.790000 
11.510000 
3.040000 
6.660000 
10.010000 
11.300000 
5.310000 
3.070000 
8.360000 
7.110000 
6.390000 
12.920000 
3.690000 
6.180000 
7.110000 
16.530000 
5.540000 
11.440000 
14.940000 
19.770000 
2.270000 
3.720000 
14.850000 
6.150000 
1.640000 
3.160000 
12.640000 
8.010000 
12.500000 
10.780000 
1.950000 
3.190000 
4.700000 
3.480000 
9.180000 
14.660000 
13.740000 
5.820000 
11.980000 
12.660000 
4.480000 
8.770000 
16.520000 
7.290000 
13.640000 
7.680000 
12.120000 
8.380000 
14.960000 
5.650000 
7.760000 
6.600000 
13.210000 
11.420000 
10.520000 
7.140000 
10.980000 
9.780000 
12.900000 
5.370000 
3.340000 
8.590000 
5.090000 
18.360000 
7.810000 
11.610000 
11.510000 
14.960000 
9.020000 
17.750000 
6.180000 
5.210000 
10.080000 
10.740000 
16.200000 
10.290000 
12.020000 
10.860000 
7.800000 
10.380000 
4.330000 
10.740000 
8.390000 
1.740000 
9.010000 
7.680000 
4.880000 
8.120000 
14.920000 
11.180000 
15.680000 
11.070000 
7.260000 
7.530000 
6.750000 
16.720000 
7.360000 
13.420000 
15.960000 
12.300000 
12.830000 
4.410000 
18.280000 
5.180000 
3.480000 
9.340000 
14.790000 
12.410000 
8.510000 
12.680000 
12.570000 
6.710000 
14.690000 
3.420000 
8.900000 
6.080000 
15.060000 
5.210000 
11.350000 
16.710000 
15.610000 
9.150000 
14.180000 
12.420000 
7.760000 
13.740000 
6.130000 
11.640000 
5.910000 
7.130000 
13.800000 
12.120000 
4.420000 
12.340000 
13.200000 
6.360000 
10.670000 
15.540000 
6.300000 
11.810000 
13.510000 
8.490000 
4.800000 
12.230000 
5.490000 
12.740000 
6.720000 
13.540000 
14.520000 
9.780000 
7.130000 
8.160000 
5.220000 
11.500000 
8.550000 
8.410000 
11.420000 
13.390000 
13.150000 
8.780000 
6.720000 
3.330000 
10.960000 
1.460000 
13.090000 
8.820000 
3.610000 
12.500000 
9.980000 
10.300000 
10.100000 
6.640000 
16.710000 
8.290000 
15.230000 
8.780000 
10.800000 
5.410000 
11.620000 
12.670000 
0.480000 
4.820000 
17.990000 
7.760000 
8.220000 
12.330000 
9.670000 
13.360000 
1.760000 
3.350000 
4.670000 
6.900000 
12.370000 
1.840000 
1.030000 
12.700000 
13.480000 
15.780000 
7.490000 
12.700000 
5.080000 
9.930000 
7.830000 
9.700000 
10.830000 
9.770000 
6.900000 
11.240000 
9.350000 
5.840000 
11.020000 
17.390000 
6.090000 
8.420000 
15.770000 
5.460000 
12.150000 
9.470000 
17.710000 
13.900000 
5.340000 
2.100000 
7.590000 
3.960000 
10.780000 
10.900000 
15.290000 
13.620000 
7.190000 
15.130000 
4.440000 
11.460000 
6.610000 
7.710000 
8.890000 
9.170000 
10.900000 
12.920000 
11.230000 
6.820000 
10.580000 
10.020000 
4.710000 
6.270000 
12.130000 
14.010000 
11.580000 
11.850000 
6.810000 
2.380000 
18.170000 
9.730000 
15.670000 
3.490000 
11.830000 
11.020000 
14.510000 
11.090000 
9.670000 
11.260000 
18.850000 
8.810000 
10.140000 
7.180000 
18.260000 
4.610000 
4.940000 
13.180000 
11.960000 
15.430000 
5.930000 
2.720000 
10.880000 
15.400000 
10.110000 
7.870000 
1.730000 
14.320000 
9.580000 
2.250000 
11.370000 
13.510000 
4.290000 
15.140000 
11.630000 
13.680000 
14.270000 
11.430000 
9.140000 
9.910000 
5.450000 
15.700000 
10.050000 
8.710000 
9.560000 
11.290000 
16.030000 
9.260000 
2.300000 
14.550000 
13.700000 
9.610000 
9.380000 
13.090000 
16.650000 
7.970000 
4.670000 
8.420000 
10.310000 
18.140000 
8.580000 
14.230000 
10.990000 
7.680000 
13.870000 
9.110000 
6.750000 
9.540000 
4.090000 
18.550000 
4.930000 
17.920000 
6.230000 
4.680000 
5.460000 
14.440000 
15.340000 
8.280000 
10.550000 
10.310000 
13.380000 
9.110000 
16.510000 
10.830000 
7.660000 
15.130000 
7.340000 
2.140000 
10.460000 
14.160000 
11.020000 
10.510000 
15.060000 
15.420000 
10.160000 
12.020000 
2.440000 
13.630000 
7.580000 
9.560000 
8.910000 
5.760000 
12.120000 
5.680000 
17.910000 
15.260000 
4.340000 
10.260000 
17.790000 
9.580000 
7.830000 
8.720000 
14.500000 
17.360000 
10.080000 
6.770000 
6.150000 
11.420000 
7.030000 
14.620000 
10.280000 
11.340000 
12.320000 
7.930000 
7.800000 
11.080000 
11.060000 
11.300000 
10.180000 
3.030000 
5.330000 
9.890000 
10.250000 
6.400000 
6.310000 
8.400000 
4.110000 
9.840000 
5.980000 
13.430000 
14.200000 
11.270000 
9.220000 
17.750000 
7.330000 
9.760000 
7.140000 
12.060000 
0.900000 
13.760000 
4.430000 
4.460000 
8.530000 
8.520000 
1.970000 
15.410000 
13.300000 
14.180000 
3.500000 
10.330000 
7.940000 
9.310000 
11.190000 
9.740000 
8.030000 
13.830000 
10.040000 
6.630000 
6.110000 
6.180000 
12.690000 
15.870000 
10.230000 
10.170000 
7.690000 
6.070000 
11.230000 
6.790000 
2.690000 
7.420000 
10.330000 
14.040000 
11.310000 
18.370000 
12.670000 
1.930000 
0.770000 
11.780000 
10.360000 
2.310000 
9.670000 
11.610000 
3.590000 
3.740000 
16.370000 
15.250000 
16.790000 
9.100000 
11.250000 
7.900000 
7.500000 
11.300000 
10.720000 
4.160000 
13.190000 
10.010000 
16.900000 
9.980000 
15.580000 
4.300000 
16.450000 
9.820000 
7.480000 
14.790000 
9.420000 
13.080000 
10.120000 
10.130000 
11.870000 
9.730000 
13.130000 
10.750000 
11.710000 
14.550000 
12.630000 
6.000000 
9.740000 
10.290000 
5.750000 
10.210000 
12.500000 
18.130000 
4.210000 
15.300000 
10.060000 
13.230000 
11.070000 
7.620000 
2.880000 
5.080000 
12.030000 
15.070000 
6.480000 
12.280000 
10.740000 
15.520000 
9.800000 
7.620000 
18.330000 
7.050000 
8.340000 
12.720000 
10.420000 
7.110000 
9.460000 
11.650000 
12.900000 
10.410000 
14.830000 
6.360000 
7.150000 
5.860000 
17.060000 
14.830000 
5.190000 
15.940000 
4.640000 
7.340000 
11.130000 
16.730000 
11.610000 
7.700000 
14.600000 
17.290000 
14.780000 
7.150000 
10.830000 
5.780000 
9.570000 
8.720000 
7.040000 
3.570000 
11.020000 
6.510000 
11.030000 
4.340000 
7.410000 
10.030000 
9.930000 
13.620000 
8.190000 
7.310000 
7.870000 
7.110000 
7.500000 
6.250000 
1.010000 
12.580000 
9.090000 
8.410000 
3.720000 
6.480000 
13.740000 
18.800000 
4.970000 
9.100000 
4.090000 
12.100000 
16.160000 
12.750000 
15.150000 
5.420000 
6.040000 
11.280000 
7.640000 
9.180000 
3.750000 
17.730000 
7.710000 
12.160000 
16.920000 
17.630000 
11.030000 
3.930000 
7.810000 
6.600000 
11.730000 
9.900000 
10.620000 
10.640000 
12.690000 
8.340000 
6.810000 
8.310000 
12.940000 
9.320000 
17.850000 
5.630000 
9.420000 
2.470000 
7.450000 
8.280000 
10.600000 
4.420000 
10.430000 
5.700000 
6.700000 
16.470000 
8.100000 
4.880000 
10.210000 
5.170000 
11.690000 
6.760000 
6.860000 
10.780000 
13.870000 
10.730000 
9.990000 
14.020000 
17.620000 
14.860000 
12.410000 
14.440000 
10.020000 
11.340000 
7.530000 
17.920000 
7.250000 
8.070000 
15.830000 
15.250000 
5.410000 
12.590000 
2.320000 
14.780000 
12.290000 
11.480000 
13.650000 
6.480000 
9.850000 
15.690000 
7.070000 
13.840000 
2.110000 
9.960000 
9.930000 
8.670000 
5.250000 
2.840000 
4.860000 
6.140000 
5.630000 
7.640000 
9.850000 
13.250000 
9.020000 
9.320000 
13.530000 
7.890000 
9.480000 
3.860000 
12.990000 
13.460000 
8.440000 
12.190000 
12.090000 
10.900000 
9.080000 
8.770000 
19.260000 
10.330000 
10.830000 
6.190000 
8.120000 
13.000000 
11.350000 
6.910000 
8.390000 
9.120000 
9.550000 
16.320000 
7.270000 
14.500000 
10.540000 
11.380000 
7.320000 
12.060000 
1.110000 
11.360000 
14.590000 
15.520000 
9.260000 
6.540000 
11.320000 
14.790000 
4.950000 
11.940000 
16.280000 
4.140000 
18.200000 
14.540000 
8.990000 
18.420000 
12.170000 
0.920000 
7.840000 
17.430000 
9.590000 
16.580000 
6.490000 
15.960000 
5.950000 
16.820000 
4.450000 
11.970000 
11.330000 
8.460000 
6.430000 
15.090000 
8.910000 
16.610000 
3.700000 
11.790000 
8.290000 
8.880000 
8.150000 
11.540000 
5.660000 
9.040000 
8.990000 
18.880000 
11.770000 
14.310000 
11.310000 
8.810000 
8.030000 
0.520000 
13.760000 
11.940000 
5.400000 
8.640000 
7.740000 
10.720000 
9.030000 
7.730000 
9.650000 
1.430000 
16.240000 
8.980000 
11.810000 
11.970000 
8.100000 
18.810000 
12.190000 
9.970000 
10.540000 
6.750000 
8.550000 
11.410000 
3.600000 
13.030000 
7.340000 
14.180000 
12.580000 
7.350000 
14.000000 
12.640000 
14.880000 
10.280000 
14.990000 
3.650000 
13.550000 
9.740000 
1.030000 
11.870000 
13.350000 
7.750000 
7.780000 
8.090000 
16.550000 
15.340000 
12.740000 
14.600000 
18.290000 
7.090000 
10.720000 
6.390000 
13.070000 
15.240000 
9.850000 
6.720000 
7.170000 
13.410000 
4.670000 
6.760000 
10.380000 
12.230000 
10.140000 
10.310000 
16.160000 
12.440000 
4.420000 
12.700000 
14.940000 
4.200000 
9.870000 
8.620000 
3.470000 
4.880000 
9.770000 
14.820000 
5.840000 
17.610000 
10.840000 
4.900000 
15.140000 
12.880000 
10.650000 
12.000000 
12.190000 
7.890000 
14.780000 
10.500000 
12.460000 
5.050000 
12.770000 
15.650000 
